win	sum	count	div_perbp	chromo
0.0	775.6284102375857	450167	0.0017229792726645573	1
1.0	806.3550276620713	387831	0.0020791402122627414	1
2.0	807.35652870814	472362	0.0017091902581243621	1
3.0	990.0906299553819	485418	0.0020396660815119793	1
4.0	504.6212031534148	634518	0.0007952827235057395	1
5.0	893.2891455601728	640008	0.001395746843102231	1
6.0	880.9530608600563	526734	0.0016724818615469219	1
7.0	835.650800682851	539931	0.0015476992443161275	1
8.0	410.63811456463367	430436	0.0009540050427116544	1
9.0	710.1145325728806	428142	0.001658595822350717	1
10.0	741.547613718643	553502	0.0013397379119111457	1
11.0	913.6379591256165	491062	0.0018605348390338013	1
12.0	976.8188826309821	446361	0.0021884055341550497	1
13.0	532.8151522488064	278398	0.0019138612786327718	1
14.0	572.8396238939391	233126	0.002457210366471089	1
15.0	1194.3450519394924	266374	0.004483714821790011	1
16.0	933.081041941061	257900	0.003617995509659019	1
17.0	611.2568363264578	228765	0.0026719858209361476	1
18.0	642.5170369614332	248320	0.0025874558511655653	1
19.0	835.1314475663295	362632	0.0023029722902731405	1
20.0	728.976605071405	257278	0.0028334199001523834	1
21.0	1168.8613252415137	392126	0.002980830970763259	1
22.0	632.4785488578774	296256	0.002134905449536473	1
23.0	621.8001388953231	290384	0.0021413030294207777	1
24.0	898.3503229256505	297274	0.0030219606253007346	1
25.0	932.7333976277727	407246	0.002290343914066124	1
26.0	980.2428789074457	318656	0.0030761789481680737	1
27.0	755.6489509012356	506593	0.0014916292781409052	1
28.0	431.2846089689348	440861	0.0009782779809711787	1
29.0	586.301207372291	543109	0.0010795276958626924	1
30.0	547.5683047033411	482058	0.001135897142466967	1
31.0	1044.4273051961102	631825	0.0016530325726207577	1
32.0	760.2639164244728	657118	0.0011569671146194028	1
33.0	875.7018277507935	649630	0.001348000904747	1
34.0	706.4232471686515	636619	0.0011096483880761515	1
35.0	810.6290418386895	619860	0.0013077614974973213	1
36.0	797.4430048508966	480592	0.0016592931319100123	1
37.0	569.6285365055862	469631	0.0012129278870125402	1
38.0	516.5823402463678	607397	0.0008504854983583519	1
39.0	533.0916189182514	616673	0.0008644640172640141	1
40.0	439.0830676812388	523528	0.000838700256110922	1
41.0	640.4585785378999	645246	0.0009925804709179135	1
42.0	419.16464496237387	590671	0.0007096414839434708	1
43.0	594.6479886836128	602985	0.0009861737666502694	1
44.0	560.3253387721143	557132	0.0010057317453890896	1
45.0	621.0107192801196	420529	0.0014767369652987537	1
46.0	1129.5070473417968	510104	0.0022142681636329	1
47.0	322.44411500496807	189095	0.0017051964092385736	1
0.0	773.9594077227314	507123	0.0015261768993375007	2
1.0	749.7605346031041	596393	0.0012571585089078915	2
2.0	496.21901554225445	339817	0.0014602536528256515	2
3.0	879.7595584338516	474186	0.001855304792705503	2
4.0	555.0063117937651	528044	0.0010510607293971054	2
5.0	821.8474474971972	543259	0.0015128096313124996	2
6.0	819.5198142228827	592985	0.0013820245271345527	2
7.0	661.6472487247122	440588	0.0015017368805430747	2
8.0	793.5709088204388	475217	0.0016699127110781787	2
9.0	1206.4778064941022	492147	0.002451458215724371	2
10.0	1416.8001157304666	426711	0.003320280273371126	2
11.0	1578.1257687862794	385457	0.004094168140120116	2
12.0	630.0768253479239	404350	0.0015582461366339159	2
13.0	492.7635686841911	470899	0.0010464315462215702	2
14.0	480.1213030211052	446415	0.0010755044141014642	2
15.0	517.4765396224075	353939	0.0014620500697080782	2
16.0	588.3913932028858	491411	0.0011973508798193075	2
17.0	627.7581449876894	407191	0.0015416798136198722	2
18.0	1175.2993608849915	428179	0.002744878569208185	2
19.0	831.2275935345963	429640	0.0019347071816744165	2
20.0	884.801387267631	528579	0.001673924592667569	2
21.0	1050.9682882306254	411214	0.002555769716572455	2
22.0	1001.4155292520628	543366	0.0018429852608592787	2
23.0	769.808764538707	475929	0.001617486567405447	2
24.0	824.3181061622913	566628	0.0014547782780983138	2
25.0	1217.2453665970916	529286	0.002299787575331846	2
26.0	1604.4148435648603	521225	0.0030781617220295657	2
27.0	1009.5153355948645	525845	0.0019197963955060228	2
28.0	885.6074180703638	672252	0.0013173741663399497	2
29.0	513.5494379212688	587092	0.0008747341778141566	2
30.0	873.4072609993129	572875	0.0015246035540027283	2
31.0	723.9702921060749	592371	0.0012221568782166496	2
32.0	613.5066441658026	556474	0.0011024893241477637	2
33.0	664.0728167130928	651957	0.0010185837665875094	2
34.0	644.9300336178445	636112	0.0010138623915565883	2
35.0	728.9289812268246	633615	0.0011504288585763036	2
36.0	760.0752660650421	540593	0.0014060027896495924	2
37.0	687.8681453392587	605910	0.00113526455305121	2
38.0	54.99099462803361	40820	0.0013471581241556495	2
0.0	759.7139012555184	538696	0.0014102831676038403	3
1.0	873.7601905407018	703710	0.0012416481086537094	3
2.0	914.3990424622541	581559	0.0015723237753387947	3
3.0	560.2614994024701	643469	0.0008706891853414385	3
4.0	699.9422812436923	718896	0.0009736349642280556	3
5.0	539.1565509339263	644204	0.0008369344973547607	3
6.0	680.19696327659	709280	0.0009589963953256684	3
7.0	755.8286596977842	628427	0.00120273104067423	3
8.0	830.9306062322595	649363	0.0012796087954383903	3
9.0	722.498721631112	526557	0.0013721187290855728	3
10.0	821.25513890661	504862	0.0016266923216772305	3
11.0	535.2654608277679	522606	0.00102422371887764	3
12.0	288.3813025227855	447747	0.0006440719927163901	3
13.0	337.5919955940511	537002	0.0006286605926869008	3
14.0	580.3481116992344	485391	0.0011956301449743288	3
15.0	526.3936912145078	391883	0.0013432419656236882	3
16.0	805.9675714050566	397011	0.002030088766822724	3
17.0	516.4732929219223	479037	0.0010781490634792768	3
18.0	708.0578927816462	417137	0.001697422891715782	3
19.0	550.4052633094308	367071	0.0014994517772023144	3
20.0	460.0177812373497	390259	0.0011787499615315718	3
21.0	347.26653086938325	231326	0.0015011997391965592	3
22.0	549.3928642811004	339487	0.0016183030993266322	3
23.0	362.67134521930666	326252	0.0011116294925986865	3
24.0	446.34292170598303	317872	0.001404159289607084	3
25.0	446.6216857499791	355462	0.0012564540956557357	3
26.0	498.38500486316957	276242	0.0018041608620816877	3
27.0	375.7579011509493	353914	0.0010617209298048377	3
28.0	474.15257957214493	466418	0.001016582935418755	3
29.0	726.9778917512954	494602	0.0014698240034437698	3
30.0	495.2581902575271	392472	0.0012618943268756168	3
31.0	660.2003388855641	596507	0.0011067771859937336	3
32.0	574.4418699928298	619169	0.0009277626463741398	3
33.0	826.863820945022	585159	0.001413058366948166	3
34.0	466.53670119583415	591449	0.0007888029250126962	3
35.0	849.7794612229939	647323	0.0013127595670522968	3
36.0	550.4917350879273	542558	0.0010146228331126392	3
37.0	525.437059111402	571141	0.0009199778322890531	3
38.0	775.016425318598	596292	0.0012997263510471345	3
39.0	875.7608388749691	556229	0.0015744609484132778	3
40.0	817.5609139410802	468239	0.0017460333589066272	3
41.0	365.6977859870652	130815	0.0027955340441621003	3
0.0	897.0006170582918	311887	0.0028760436217549683	4
1.0	1149.8149137485916	301719	0.003810880036552526	4
2.0	677.7421424180031	142485	0.004756585903203868	4
3.0	1519.5951685930925	379959	0.00399936616475223	4
4.0	420.9092200050944	204471	0.0020585277130013273	4
5.0	1422.7970471260082	323161	0.004402749858819623	4
6.0	936.4190283375711	350205	0.0026739167868464787	4
7.0	497.8158658627062	263730	0.0018875966551499875	4
8.0	624.1484050944351	257762	0.0024214135718004792	4
9.0	389.1866742973071	205885	0.001890310971160148	4
10.0	580.5278637846947	190500	0.003047390361074513	4
11.0	849.8526392688382	251300	0.003381825066728365	4
12.0	415.82918115688256	103169	0.004030563261802311	4
13.0	1036.9594413662246	233011	0.00445025960734139	4
14.0	805.9203053260863	324282	0.0024852452659293034	4
15.0	536.0512722443792	183446	0.0029221202547037232	4
16.0	918.8427154639295	379226	0.002422942296846549	4
17.0	600.2114166107166	454711	0.001319984378233024	4
18.0	544.9153760688376	413676	0.0013172516077046715	4
19.0	886.3987328766214	418126	0.002119932108686428	4
20.0	966.2081617594756	493131	0.001959333649191545	4
21.0	711.740117645078	542041	0.0013130743202914134	4
22.0	613.6588795824599	563722	0.0010885842304938604	4
23.0	645.9966823226271	504017	0.0012816962172359802	4
24.0	412.2284606641343	585795	0.0007037077145829757	4
25.0	332.3020483475989	558568	0.0005949178047213569	4
26.0	995.5944397695101	617872	0.0016113279769426518	4
27.0	771.0850457529737	581260	0.001326575105379647	4
28.0	1093.3014478756943	583015	0.0018752544066202314	4
29.0	675.5689150704582	599152	0.0011275417841723938	4
30.0	1095.627241799643	479823	0.002283398757040915	4
31.0	618.4952212289968	434825	0.0014224003247950252	4
32.0	610.8807594005347	531171	0.0011500642154796377	4
33.0	625.1635477544568	638857	0.0009785657005471596	4
34.0	402.60670088902265	459995	0.0008752414719486574	4
0.0	807.4405436004182	532371	0.0015166876926061303	5
1.0	888.7816020476419	458805	0.001937166338744438	5
2.0	978.0683859265794	547470	0.0017865241674001851	5
3.0	794.5658494708749	585172	0.0013578329952063238	5
4.0	623.581874999922	363591	0.00171506411049757	5
5.0	707.2851124778357	314468	0.00224914812469897	5
6.0	1485.1980530256371	501861	0.002959381288894011	5
7.0	1273.7950959344819	460379	0.0027668401380916197	5
8.0	1196.3864027178413	307604	0.0038893720586138064	5
9.0	1053.0460534488307	316184	0.003330484950057026	5
10.0	1045.0607040020766	325152	0.0032140682019550135	5
11.0	665.7494156206859	290842	0.0022890415263981333	5
12.0	538.9039981936729	402408	0.0013391980233834141	5
13.0	496.6682568378636	253390	0.0019600941506683913	5
14.0	790.1280690957514	485015	0.0016290796554658132	5
15.0	939.859973785699	475775	0.0019754295071949955	5
16.0	662.2746276455156	325610	0.0020339505164015713	5
17.0	798.3011069216642	467324	0.0017082390523954776	5
18.0	469.7526436901432	368257	0.0012756109013274512	5
19.0	507.4337676706164	374521	0.0013548873565717714	5
20.0	597.2374397321396	489413	0.0012203138039490974	5
21.0	513.430690806768	561108	0.0009150300669510469	5
22.0	516.8753899807028	478370	0.001080492902942707	5
23.0	599.7744954915993	583011	0.001028753309099827	5
24.0	485.0882316732832	571360	0.0008490062861825875	5
25.0	678.0655424744134	583257	0.0011625502008109862	5
26.0	494.8735243292889	524787	0.0009429988249123718	5
27.0	692.9861529310976	611960	0.001132404328601702	5
28.0	596.3308120708456	651869	0.0009148016120890019	5
29.0	672.3772206736555	586576	0.0011462746867816882	5
30.0	777.5630195383283	629444	0.0012353172316176312	5
31.0	136.92539442237384	74019	0.0018498682017100182	5
0.0	448.54543153155055	359006	0.0012494092899047664	6
1.0	714.7279878634347	460490	0.0015521031680675687	6
2.0	666.1652149322754	423545	0.001572832201849332	6
3.0	637.9493513935804	451563	0.0014127582450147165	6
4.0	651.7687145816667	523493	0.001245038070388079	6
5.0	731.6154412883762	394136	0.0018562512464945506	6
6.0	631.2801596080322	496288	0.0012720036744955192	6
7.0	967.9533354579787	512790	0.0018876213176114564	6
8.0	1083.7130518075894	478428	0.0022651539036335445	6
9.0	896.0289424898011	499525	0.0017937619588405008	6
10.0	507.5963314343157	249468	0.0020347151996821865	6
11.0	881.1837058449368	343650	0.0025641894539355065	6
12.0	658.1220651729727	300089	0.0021930896006617127	6
13.0	884.6444443384224	445450	0.0019859567725635254	6
14.0	765.2259052911453	423855	0.0018053954897102671	6
15.0	753.4724294316636	332622	0.0022652513346431194	6
16.0	748.6411611023913	330869	0.002262651264102685	6
17.0	856.6935840358159	356770	0.0024012489391928016	6
18.0	1008.6032912139933	452032	0.0022312652449693678	6
19.0	271.25750780483145	212855	0.0012743769599249792	6
20.0	729.0561041969047	485599	0.001501354212419928	6
21.0	908.2864233542234	477663	0.0019015214143741999	6
22.0	849.2210796476146	475344	0.0017865400208009665	6
23.0	361.3102614479847	180233	0.0020046842778402665	6
24.0	624.4782878573251	353696	0.0017655791636244829	6
25.0	671.3311403065502	414990	0.00161770437915745	6
26.0	554.5934343574278	347071	0.0015979250192537774	6
27.0	470.92822742698	377354	0.0012479746535798747	6
28.0	637.8055144947409	389385	0.0016379817262984987	6
29.0	719.74831605843	533674	0.001348666631798495	6
30.0	664.445917512984	492935	0.0013479382018176515	6
31.0	718.9908732950317	651807	0.0011030732614025803	6
32.0	501.66190128218227	520938	0.0009629973265190527	6
0.0	529.1625619616257	445151	0.0011887259872753867	7
1.0	707.9305407630467	463654	0.0015268509292771047	7
2.0	566.6339821717837	470952	0.0012031671638973477	7
3.0	618.6320339189992	622830	0.000993259852478203	7
4.0	454.3767500599496	450155	0.0010093784364495553	7
5.0	619.2664816532164	521041	0.0011885177589733176	7
6.0	474.04675922969403	307685	0.0015406885588497782	7
7.0	527.6448869002943	395251	0.0013349615482321216	7
8.0	682.916456839753	405152	0.0016855808606146656	7
9.0	497.75882588521335	328794	0.001513892668008581	7
10.0	328.52801931483265	332590	0.000987786822558804	7
11.0	437.6695508056357	379945	0.0011519287023270097	7
12.0	401.7274858449804	343972	0.001167907521091776	7
13.0	703.4423197772201	412593	0.001704930330318789	7
14.0	1506.5550277179402	446212	0.003376321183020493	7
15.0	1085.5190408687447	442672	0.002452197204405846	7
16.0	1353.7789002770821	471312	0.0028723624696105387	7
17.0	878.305692719947	513053	0.0017119200018710485	7
18.0	763.7214378127418	417406	0.001829684857938654	7
19.0	1525.3318543002604	433407	0.0035193982891376014	7
20.0	812.348594680849	590187	0.001376425767902121	7
21.0	860.4025364266242	587450	0.001464639605799003	7
22.0	907.7225266192388	567736	0.0015988461655051622	7
23.0	869.9782990058126	582582	0.0014933147591340147	7
24.0	732.357940516112	563481	0.001299702990014059	7
25.0	548.3239070955337	432579	0.0012675694083520784	7
26.0	611.7836788356092	568999	0.0010751928893295228	7
27.0	467.05720218106745	531473	0.0008787976100028928	7
0.0	844.9761302822305	498191	0.0016960887095154881	8
1.0	650.4053425081756	371705	0.0017497890598947435	8
2.0	785.5761993578861	344514	0.0022802446326067624	8
3.0	946.2082710603713	426518	0.0022184486259908638	8
4.0	656.8862973419475	427476	0.0015366624028996891	8
5.0	942.1905338742187	309734	0.003041934478856757	8
6.0	440.3700447198825	197369	0.002231201681722472	8
7.0	208.9575711875752	78465	0.002663067242561336	8
8.0	522.4873046166157	260115	0.0020086781024416726	8
9.0	612.1185650966038	193848	0.00315772442891649	8
10.0	627.4935759260335	161229	0.0038919398862861734	8
11.0	590.1020616529757	223178	0.002644087058997642	8
12.0	256.6734833743673	214985	0.0011939134515169306	8
13.0	430.31192072089124	262939	0.0016365465781831194	8
14.0	272.8330290490707	168764	0.0016166541978684477	8
15.0	468.8210938886203	303600	0.0015442065016094213	8
16.0	986.4654661327476	472481	0.0020878415558144084	8
17.0	271.543923620214	175606	0.001546324861452422	8
18.0	483.45953017911546	229275	0.0021086447723437595	8
19.0	628.7853172358726	273225	0.0023013462063715714	8
20.0	750.9909163574022	426870	0.001759296545452719	8
21.0	1348.230305547574	517101	0.0026072862082022158	8
22.0	713.1855141038202	591484	0.0012057562235053192	8
23.0	647.85990374147	505017	0.001282847713525426	8
24.0	373.5807104310189	450122	0.0008299543466682785	8
25.0	478.5876674817787	578553	0.0008272149094063616	8
26.0	691.7060048544408	487455	0.0014190150985310252	8
27.0	918.0761468671847	509580	0.0018016330053518283	8
28.0	881.8294590725862	468759	0.0018812000603136926	8
29.0	659.4305108096727	535326	0.0012318297837386428	8
30.0	176.76502590443636	180279	0.0009805081340834836	8
0.0	834.7630285254032	470339	0.0017748114201148603	9
1.0	695.215493878564	419342	0.0016578723187244872	9
2.0	697.0801675864625	399771	0.001743698686464157	9
3.0	631.228268469571	377861	0.0016705303497041796	9
4.0	583.2649724349737	330455	0.0017650360031924884	9
5.0	925.0901128226649	330199	0.0028016139141022987	9
6.0	973.6290885428095	318135	0.0030604274554601333	9
7.0	835.1321100715141	302078	0.0027646240708410217	9
8.0	599.0528027242576	291047	0.0020582682615668865	9
9.0	1036.7983294962796	239025	0.004337614598875764	9
10.0	1092.0104132687616	397001	0.0027506490242310763	9
11.0	474.9066404694447	291171	0.0016310231460875042	9
12.0	643.3262747202181	442621	0.0014534472488205894	9
13.0	904.8275332499887	606099	0.0014928708564937226	9
14.0	944.8158140523652	512058	0.0018451343676934356	9
15.0	737.6293184268918	486065	0.0015175528343470356	9
16.0	756.0286028622284	604067	0.0012515641524238675	9
17.0	740.9908884550283	654423	0.0011322812438667779	9
18.0	713.0116553276373	571909	0.0012467222151210022	9
19.0	933.2882404696354	658847	0.0014165477576275453	9
20.0	662.9746227035449	586085	0.0011311919306986956	9
21.0	469.4177612974273	449024	0.0010454179760935435	9
0.0	620.2066644361685	285356	0.002173448830359861	10
1.0	921.1979533018755	248712	0.0037038741729465223	10
2.0	897.1433887149246	345110	0.002599586765712163	10
3.0	973.5444533657945	298267	0.0032640032365826408	10
4.0	719.1970934981861	271635	0.0026476598873421543	10
5.0	827.7991345780055	316694	0.002613876911397139	10
6.0	988.5126049624766	364926	0.0027088028941825923	10
7.0	829.2847580388292	279506	0.00296696585418141	10
8.0	747.2245013305777	369514	0.0020221818424486695	10
9.0	497.5961440386448	271414	0.0018333473735276913	10
10.0	569.8731750230303	230580	0.0024714770362695387	10
11.0	374.94755012991783	374524	0.001001130902505361	10
12.0	628.0375196132411	406589	0.0015446495591696801	10
13.0	386.0118977950454	288580	0.0013376252609156748	10
14.0	333.36740701179286	298961	0.0011150866066536869	10
15.0	431.56849483810515	383100	0.0011265165618326942	10
16.0	339.1211488895079	445647	0.0007609636077198048	10
17.0	600.3790282784805	481799	0.0012461192909874875	10
18.0	897.6765730896295	551914	0.0016264790766127141	10
19.0	510.56748272036396	512410	0.0009964042128771178	10
20.0	622.5146936838556	625551	0.0009951461890139344	10
21.0	603.2057552634709	575878	0.0010474540705904217	10
22.0	68.6484317576913	103955	0.0006603668102322283	10
0.0	708.9908808276325	296303	0.0023927900859175657	11
1.0	632.2606565867313	441214	0.0014330022542048332	11
2.0	701.3508901812595	489707	0.0014321847353238968	11
3.0	653.3797312064241	469384	0.0013919940415660188	11
4.0	655.398609984763	417771	0.0015687987198363769	11
5.0	625.9746653788827	380076	0.0016469723565257547	11
6.0	721.9812940816051	465697	0.001550324125089071	11
7.0	811.9419877142504	295062	0.0027517673835134667	11
8.0	299.7315795192376	184164	0.001627525355222723	11
9.0	796.6616141450709	339431	0.002347050252172226	11
10.0	524.584433692675	242583	0.0021624946253145315	11
11.0	620.6654150809484	287279	0.002160496991012042	11
12.0	713.370789145593	233604	0.003053761019270188	11
13.0	633.5382177791419	248773	0.002546651838339136	11
14.0	1042.9935460480726	262541	0.003972688250780155	11
15.0	819.6230765824924	352189	0.0023272250881841636	11
16.0	1099.4892339108148	452901	0.002427659099694668	11
17.0	766.0962282801886	242668	0.0031569726057007457	11
18.0	870.6621949897409	318720	0.0027317463447218276	11
19.0	564.3131013128008	240145	0.002349884866696374	11
20.0	592.5346747422889	190658	0.0031078406085361687	11
21.0	731.1805524242939	200439	0.003647895631210961	11
22.0	577.7838395966321	177438	0.003256257620107486	11
23.0	36.978501986660014	17234	0.002145671462612279	11
0.0	510.9517850108428	258172	0.00197911386599183	12
1.0	506.43187874760144	319080	0.0015871627138886845	12
2.0	520.1121339287085	436089	0.0011926742796280314	12
3.0	903.6666643585869	565802	0.0015971429304926226	12
4.0	509.09103031546994	485087	0.0010494839695054082	12
5.0	403.11001985077434	310653	0.0012976215257884981	12
6.0	508.6723429763244	361944	0.001405389626506654	12
7.0	830.4288503084355	371164	0.0022373636729543693	12
8.0	850.8055987273251	313796	0.0027113334737451245	12
9.0	798.2658834066822	282576	0.0028249599520365574	12
10.0	900.5986868841569	332206	0.002710964542736004	12
11.0	596.1446321201856	202967	0.0029371505324520025	12
12.0	526.8081969766394	212194	0.0024826724458591634	12
13.0	1150.9265240328334	298845	0.0038512490556403267	12
14.0	1032.0390549553313	306145	0.003371079243349822	12
15.0	856.1040949965216	333380	0.0025679527716015406	12
16.0	668.4283256119663	329341	0.002029593417193627	12
17.0	679.606182148616	241257	0.002816938709130164	12
18.0	905.117872934726	423300	0.002138242081112039	12
19.0	703.1723061148857	490957	0.0014322482541544081	12
20.0	422.9730503934109	443779	0.0009531164169404386	12
21.0	554.5220439434331	497275	0.0011151215000622054	12
22.0	717.3943406824663	505080	0.0014203578456530972	12
23.0	36.051968152189914	35663	0.0010109067703835885	12
